0
522
1238
2245
3324
3848
4154
3841
3343
2375
1268
3
-1293
-2371
-3362
-3841
-4147
-3842
-3347
-2377
-1270
-5
1293
2370
3361
3839
4144
3840
3344
2375
1267
2
-1295
-2372
-3362
-3839
-4145
-3841
-3347
-2377
-1269
-4
1293
2370
3361
3839
4144
3840
3344
2375
1268
3
-1293
-2371
-3362
-3841
-4147
-3842
-3347
-2377
-1270
-5
1293
2370
3361
3839
4144
3840
3344
2375
1267
2
-1295
-2372
-3362
-3839
-4145
-3841
-3347
-2377
-1269
-4
1293
2370
3361
3839
4144
3840
3344
2375
1267
2
-1294
-2371
-3361
-3839
-4145
-3841
-3347
-2377
-1269
-4
1293
2370
3361
3839
4144
3840
3344
2375
1267
2
-1295
-2372
-3362
-3839
-4145
-3841
-3347
-2377
-1269
-4
1293
2370
3361
3839
4144
3840
3345
2376
1268
2
-1294
-2371
-3361
-3839
-4145
-3841
-3347
-2377
-1269
-4
1293
2370
3361
3839
4144
3840
3344
2375
1268
3
-1293
-2371
-3362
-3841
-4147
-3843
-3347
-2377
-1270
-5
1293
2370
3361
3839
4144
3840
3345
2376
1268
2
-1295
-2372
-3362
-3839
-4145
-3841
-3347
-2377
-1269
-4
1293
2370
3361
3839
4144
3840
3345
2376
1269
3
-1293
-2371
-3361
-3839
-4145
