0
506
707
1326
1719
1686
1803
1166
1023
354
-135
-616
-983
-1485
-1983
-1680
-1901
-1100
-1124
-355
68
619
1066
1490
1941
1668
1882
1245
1147
405
-61
-618
-978
-1542
-1956
-1714
-1885
-1116
-1126
-307
52
651
1034
1506
1941
1668
1882
1246
1179
373
-60
-617
-980
-1542
-1956
-1714
-1885
-1116
-1126
-307
52
651
1034
1506
1941
1668
1882
1246
1179
373
-60
-618
-979
-1542
-1956
-1714
-1885
-1116
-1126
-307
52
651
1034
1506
1941
1668
1882
1245
1147
405
-61
-618
-978
-1541
-1956
-1714
-1885
-1084
-1126
-307
68
667
1050
1522
1940
1684
1867
1229
1179
405
-61
-618
-978
-1542
-1956
-1714
-1885
-1117
-1126
-307
52
651
1034
1506
1941
1684
1882
1246
1179
374
-60
-634
-979
-1525
-1956
-1714
-1885
-1084
-1126
-307
52
652
1034
1506
1941
1668
1882
1245
1147
405
-61
-617
-979
-1542
-1956
-1714
-1885
-1117
-1126
-307
52
651
1034
1505
1941
1668
1882
1246
1179
374
-60
-634
-979
-1526
-1956
-1714
-1885
-1084
-1126
-307
52
651
1034
1506
1940
1668
1882
1245
1147
406
-61
-634
-978
-1542
-1956
-1714
-1885
-1885
-1885
-1885
-1885