0
522
851
1330
1791
1665
1749
1383
1142
544
64
-487
-1030
-1340
-1732
-1679
-1775
-1379
-1139
-552
-69
485
1027
1336
1729
1677
1772
1375
1135
547
65
-489
-1030
-1340
-1732
-1680
-1775
-1379
-1139
-552
-69
485
1027
1336
1729
1677
1772
1376
1135
547
65
-489
-1030
-1340
-1732
-1680
-1775
-1379
-1139
-552
-69
485
1027
1336
1729
1677
1772
1376
1135
547
65
-489
-1030
-1340
-1732
-1680
-1775
-1379
-1139
-552
-69
485
1027
1336
1729
1677
1772
1375
1135
547
65
-489
-1029
-1340
-1732
-1679
-1775
-1379
-1139
-552
-69
485
1027
1336
1728
1677
1772
1375
1135
547
65
-489
-1030
-1340
-1732
-1680
-1775
-1379
-1139
-552
-69
485
1027
1336
1729
1677
1772
1376
1136
547
65
-489
-1029
-1340
-1732
-1679
-1775
-1379
-1139
-552
-69
486
1027
1336
1729
1677
1772
1375
1135
547
65
-489
-1030
-1340
-1732
-1680
-1775
-1379
-1139
-552
-69
485
1027
1336
1729
1677
1772
1376
1136
547
65
-489
-1030
-1340
-1732
-1679
-1775
-1379
-1139
-552
-69
485
1027
1336
1728
1677
1772
1375
1136
547
65
-489
-1030
-1340
-1732
-1679
-1775
-1775
-1775
-1775
-1775