0
523
851
1330
1791
1666
1749
1383
1141
544
64
-486
-1030
-1340
-1732
-1680
-1775
-1379
-1139
-551
-69
485
1027
1336
1729
1677
1772
1375
1135
548
66
-489
-1030
-1340
-1733
-1680
-1775
-1380
-1140
-552
-69
485
1027
1336
1729
1677
1772
1376
1135
548
66
-489
-1030
-1340
-1733
-1680
-1775
-1380
-1140
-552
-69
485
1027
1336
1729
1677
1772
1376
1135
548
66
-489
-1030
-1340
-1733
-1680
-1775
-1380
-1140
-552
-69
485
1027
1336
1729
1677
1772
1375
1135
548
66
-489
-1029
-1340
-1732
-1680
-1775
-1379
-1140
-551
-69
485
1027
1336
1729
1677
1772
1374
1135
548
66
-489
-1030
-1340
-1733
-1680
-1775
-1380
-1140
-551
-69
485
1027
1336
1729
1677
1772
1376
1135
548
66
-489
-1029
-1340
-1733
-1680
-1775
-1379
-1140
-551
-69
485
1027
1336
1729
1677
1772
1375
1135
548
66
-489
-1030
-1340
-1733
-1680
-1775
-1380
-1139
-551
-69
485
1027
1336
1729
1677
1772
1376
1135
548
66
-489
-1030
-1340
-1733
-1680
-1775
-1379
-1139
-551
-69
485
1027
1336
1729
1677
1772
1374
1135
548
66
-489
-1030
-1340
-1733
-1680
-1775
-1775
-1775
-1775
-1775