0
522
852
1331
1792
1668
1752
1385
1144
546
66
-486
-1029
-1340
-1732
-1679
-1774
-1378
-1139
-551
-68
487
1028
1338
1731
1678
1773
1377
1138
550
67
-488
-1029
-1339
-1732
-1679
-1774
-1378
-1139
-551
-68
487
1028
1338
1731
1678
1773
1377
1138
550
67
-488
-1029
-1339
-1732
-1679
-1774
-1378
-1139
-551
-68
487
1028
1338
1731
1678
1773
1377
1138
550
67
-488
-1029
-1339
-1732
-1679
-1774
-1378
-1139
-551
-68
487
1028
1338
1731
1678
1773
1377
1138
550
67
-488
-1029
-1339
-1732
-1679
-1774
-1378
-1139
-551
-68
487
1028
1338
1731
1678
1773
1377
1138
550
67
-488
-1029
-1339
-1732
-1679
-1774
-1378
-1139
-551
-68
487
1028
1338
1731
1678
1773
1377
1138
550
67
-488
-1029
-1339
-1732
-1679
-1774
-1378
-1139
-551
-68
487
1028
1338
1731
1678
1773
1377
1138
550
67
-488
-1029
-1339
-1732
-1679
-1774
-1378
-1139
-551
-68
487
1028
1338
1731
1678
1773
1377
1138
550
67
-488
-1029
-1339
-1732
-1679
-1774
-1378
-1139
-551
-68
487
1028
1338
1731
1678
1773
1377
1138
550
67
-488
-1029
-1339
-1732
-1679
-1774
-1378
-1139
-551
-68
