0
0
0
522
852
1331
1791
1666
1749
1383
1143
544
64
-487
-1030
-1340
-1732
-1679
-1775
-1379
-1139
-552
-69
485
1027
1336
1728
1677
1772
1375
1135
547
65
-489
-1030
-1340
-1732
-1680
-1775
-1379
-1139
-552
-69
485
1027
1336
1728
1677
1772
1376
1135
547
65
-489
-1030
-1340
-1732
-1680
-1775
-1379
-1139
-552
-69
485
1027
1336
1728
1677
1772
1376
1135
547
65
-489
-1030
-1340
-1732
-1680
-1775
-1379
-1139
-552
-69
485
1027
1336
1728
1677
1772
1375
1135
547
65
-489
-1029
-1340
-1732
-1679
-1775
-1379
-1139
-552
-69
485
1027
1336
1728
1676
1772
1376
1135
548
66
-489
-1030
-1340
-1732
-1680
-1775
-1379
-1139
-552
-69
485
1027
1336
1729
1677
1772
1376
1136
547
65
-489
-1029
-1340
-1732
-1679
-1775
-1379
-1139
-552
-69
485
1027
1336
1728
1677
1772
1375
1135
547
65
-489
-1030
-1340
-1732
-1680
-1775
-1379
-1139
-552
-69
485
1027
1336
1729
1677
1772
1376
1136
547
65
-489
-1030
-1340
-1732
-1679
-1775
-1379
-1139
-552
-69
485
1027
1336
1728
1676
1772
1376
1136
548
66
-489
-1030
-1340
-1732
-1679
-1775
-1379
-1139
-1139
-1139
-1139
-1139
-1139
-1139
-1139
-1139
-1139
-1139
