0
130
213
332
448
417
438
346
286
136
16
-122
-258
-335
-433
-420
-444
-345
-285
-138
-17
121
257
334
432
419
443
344
284
137
16
-122
-258
-335
-433
-420
-444
-345
-285
-138
-17
121
257
334
432
419
443
344
284
137
16
-122
-258
-335
-433
-420
-444
-345
-285
-138
-17
121
257
334
432
419
443
344
284
137
16
-122
-258
-335
-433
-420
-444
-345
-285
-138
-17
121
257
334
432
419
443
344
284
137
16
-122
-258
-335
-433
-420
-444
-345
-285
-138
-17
121
257
334
432
419
443
344
284
137
16
-122
-258
-335
-433
-420
-444
-345
-285
-138
-17
121
257
334
432
419
443
344
284
137
16
-122
-258
-335
-433
-420
-444
-345
-285
-138
-17
121
257
334
432
419
443
344
284
137
16
-122
-258
-335
-433
-420
-444
-345
-285
-138
-17
121
257
334
432
419
443
344
284
137
16
-122
-258
-335
-433
-420
-444
-345
-285
-138
-17
121
257
334
432
419
443
344
284
137
16
-122
-258
-335
-433
-420
-444
-345
-285
-138
-17
